 1.00000     0.00000
 0.99488     0.00292
 0.98668     0.00641
 0.97727     0.00957
 0.96673     0.01308
 0.95524     0.01683
 0.94290     0.02079
 0.93010     0.02487
 0.91721     0.02909
 0.90419     0.03326
 0.89095     0.03756
 0.87742     0.04207
 0.86386     0.04648
 0.85024     0.05094
 0.83650     0.05559
 0.82271     0.06021
 0.80880     0.06479
 0.79490     0.06947
 0.78099     0.07423
 0.76700     0.07889
 0.75289     0.08348
 0.73882     0.08805
 0.72501     0.09244
 0.71138     0.09656
 0.69775     0.10045
 0.68410     0.10416
 0.67054     0.10768
 0.65703     0.11093
 0.64341     0.11395
 0.62963     0.11682
 0.61581     0.11955
 0.60207     0.12207
 0.58830     0.12435
 0.57436     0.12641
 0.56025     0.12836
 0.54615     0.13018
 0.53212     0.13178
 0.51799     0.13314
 0.50360     0.13435
 0.48910     0.13550
 0.47476     0.13653
 0.46054     0.13733
 0.44621     0.13790
 0.43172     0.13836
 0.41731     0.13873
 0.40310     0.13892
 0.38891     0.13884
 0.37453     0.13858
 0.36011     0.13826
 0.34594     0.13781
 0.33196     0.13710
 0.31788     0.13614
 0.30368     0.13505
 0.28971     0.13389
 0.27605     0.13251
 0.26242     0.13081
 0.24866     0.12891
 0.23508     0.12695
 0.22189     0.12480
 0.20887     0.12232
 0.19581     0.11959
 0.18296     0.11679
 0.17059     0.11382
 0.15849     0.11049
 0.14648     0.10688
 0.13475     0.10319
 0.12353     0.09934
 0.11272     0.09516
 0.10217     0.09079
 0.09210     0.08641
 0.08270     0.08195
 0.07391     0.07733
 0.06565     0.07271
 0.05805     0.06825
 0.05120     0.06388
 0.04506     0.05951
 0.03949     0.05527
 0.03445     0.05127
 0.02995     0.04751
 0.02599     0.04390
 0.02251     0.04042
 0.01943     0.03709
 0.01666     0.03395
 0.01416     0.03099
 0.01194     0.02819
 0.00998     0.02552
 0.00827     0.02295
 0.00676     0.02048
 0.00544     0.01811
 0.00426     0.01585
 0.00322     0.01368
 0.00232     0.01159
 0.00157     0.00957
 0.00097     0.00761
 0.00054     0.00570
 0.00024     0.00385
 0.00007     0.00207
 0.00000     0.00035
 0.00007    -0.00135
 0.00033    -0.00308
 0.00077    -0.00482
 0.00144    -0.00656
 0.00231    -0.00828
 0.00336    -0.00998
 0.00456    -0.01167
 0.00591    -0.01336
 0.00743    -0.01503
 0.00917    -0.01661
 0.01116    -0.01807
 0.01341    -0.01939
 0.01587    -0.02066
 0.01851    -0.02196
 0.02133    -0.02332
 0.02439    -0.02465
 0.02773    -0.02582
 0.03142    -0.02680
 0.03547    -0.02766
 0.03989    -0.02858
 0.04467    -0.02965
 0.04986    -0.03070
 0.05554    -0.03151
 0.06180    -0.03207
 0.06867    -0.03265
 0.07614    -0.03341
 0.08416    -0.03409
 0.09280    -0.03437
 0.10214    -0.03443
 0.11210    -0.03464
 0.12249    -0.03483
 0.13325    -0.03460
 0.14449    -0.03414
 0.15606    -0.03389
 0.16790    -0.03370
 0.17990    -0.03312
 0.19219    -0.03233
 0.20464    -0.03177
 0.21723    -0.03134
 0.22983    -0.03064
 0.24257    -0.02969
 0.25543    -0.02890
 0.26841    -0.02832
 0.28147    -0.02762
 0.29463    -0.02663
 0.30796    -0.02562
 0.32139    -0.02488
 0.33503    -0.02421
 0.34865    -0.02330
 0.36245    -0.02222
 0.37615    -0.02131
 0.38997    -0.02062
 0.40369    -0.01987
 0.41742    -0.01887
 0.43111    -0.01785
 0.44478    -0.01705
 0.45848    -0.01639
 0.47212    -0.01556
 0.48577    -0.01453
 0.49945    -0.01354
 0.51315    -0.01278
 0.52693    -0.01209
 0.54069    -0.01119
 0.55459    -0.01010
 0.56851    -0.00911
 0.58249    -0.00832
 0.59648    -0.00749
 0.61045    -0.00640
 0.62456    -0.00520
 0.63860    -0.00417
 0.65269    -0.00323
 0.66655    -0.00210
 0.68049    -0.00074
 0.69435     0.00055
 0.70830     0.00166
 0.72202     0.00285
 0.73565     0.00428
 0.74908     0.00567
 0.76239     0.00673
 0.77561     0.00769
 0.78863     0.00884
 0.80137     0.00992
 0.81385     0.01057
 0.82631     0.01102
 0.83847     0.01162
 0.85032     0.01217
 0.86186     0.01227
 0.87336     0.01212
 0.88444     0.01214
 0.89499     0.01206
 0.90517     0.01155
 0.91505     0.01089
 0.92471     0.01045
 0.93392     0.00983
 0.94268     0.00878
 0.95129     0.00784
 0.95984     0.00686
 0.96849     0.00550
 0.97713     0.00411
 0.98560     0.00240
 0.99413     0.00077
 1.00000     0.00000
