NaFlyningFOIL_1
 1.00000     0.00000
 0.99981     0.00004
 0.99926     0.00015
 0.99838     0.00033
 0.99717     0.00058
 0.99565     0.00088
 0.99383     0.00123
 0.99170     0.00162
 0.98927     0.00206
 0.98655     0.00253
 0.98352     0.00303
 0.98019     0.00355
 0.97656     0.00410
 0.97261     0.00469
 0.96836     0.00532
 0.96382     0.00600
 0.95900     0.00673
 0.95391     0.00749
 0.94855     0.00828
 0.94292     0.00911
 0.93702     0.00996
 0.93086     0.01084
 0.92444     0.01176
 0.91777     0.01270
 0.91085     0.01367
 0.90368     0.01466
 0.89628     0.01568
 0.88865     0.01673
 0.88080     0.01780
 0.87272     0.01889
 0.86442     0.02000
 0.85592     0.02113
 0.84722     0.02228
 0.83832     0.02345
 0.82922     0.02463
 0.81995     0.02582
 0.81049     0.02703
 0.80087     0.02825
 0.79109     0.02948
 0.78115     0.03071
 0.77105     0.03195
 0.76082     0.03320
 0.75046     0.03444
 0.73996     0.03567
 0.72934     0.03691
 0.71861     0.03813
 0.70777     0.03934
 0.69682     0.04054
 0.68578     0.04173
 0.67464     0.04290
 0.66342     0.04405
 0.65213     0.04518
 0.64076     0.04629
 0.62932     0.04737
 0.61783     0.04843
 0.60628     0.04946
 0.59468     0.05046
 0.58304     0.05143
 0.57137     0.05238
 0.55968     0.05329
 0.54796     0.05416
 0.53622     0.05501
 0.52449     0.05582
 0.51275     0.05659
 0.50102     0.05732
 0.48930     0.05802
 0.47760     0.05867
 0.46594     0.05929
 0.45431     0.05985
 0.44271     0.06038
 0.43117     0.06086
 0.41968     0.06129
 0.40825     0.06166
 0.39687     0.06199
 0.38557     0.06228
 0.37436     0.06251
 0.36323     0.06268
 0.35218     0.06279
 0.34122     0.06286
 0.33037     0.06287
 0.31963     0.06282
 0.30899     0.06270
 0.29846     0.06254
 0.28806     0.06232
 0.27779     0.06203
 0.26764     0.06168
 0.25762     0.06128
 0.24774     0.06082
 0.23801     0.06031
 0.22843     0.05972
 0.21899     0.05908
 0.20971     0.05838
 0.20059     0.05763
 0.19164     0.05681
 0.18284     0.05594
 0.17422     0.05502
 0.16578     0.05405
 0.15751     0.05301
 0.14942     0.05192
 0.14151     0.05078
 0.13380     0.04960
 0.12627     0.04837
 0.11894     0.04709
 0.11180     0.04577
 0.10486     0.04441
 0.09813     0.04301
 0.09160     0.04156
 0.08526     0.04008
 0.07914     0.03857
 0.07323     0.03703
 0.06754     0.03545
 0.06205     0.03386
 0.05679     0.03224
 0.05175     0.03061
 0.04693     0.02895
 0.04232     0.02728
 0.03794     0.02561
 0.03379     0.02394
 0.02988     0.02226
 0.02619     0.02057
 0.02273     0.01890
 0.01950     0.01723
 0.01650     0.01559
 0.01375     0.01396
 0.01123     0.01236
 0.00897     0.01079
 0.00694     0.00925
 0.00516     0.00775
 0.00362     0.00630
 0.00234     0.00491
 0.00133     0.00359
 0.00059     0.00234
 0.00015     0.00114
 0.00000     0.00000
 0.00014    -0.00109
 0.00057    -0.00213
 0.00128    -0.00312
 0.00228    -0.00405
 0.00358    -0.00489
 0.00520    -0.00567
 0.00715    -0.00640
 0.00942    -0.00710
 0.01199    -0.00777
 0.01486    -0.00840
 0.01803    -0.00899
 0.02150    -0.00954
 0.02527    -0.01007
 0.02933    -0.01057
 0.03366    -0.01102
 0.03830    -0.01142
 0.04322    -0.01179
 0.04843    -0.01213
 0.05392    -0.01243
 0.05969    -0.01270
 0.06574    -0.01293
 0.07206    -0.01314
 0.07864    -0.01331
 0.08549    -0.01344
 0.09261    -0.01354
 0.09999    -0.01361
 0.10762    -0.01366
 0.11550    -0.01367
 0.12363    -0.01365
 0.13200    -0.01361
 0.14060    -0.01355
 0.14944    -0.01346
 0.15850    -0.01334
 0.16778    -0.01320
 0.17728    -0.01304
 0.18699    -0.01286
 0.19689    -0.01266
 0.20700    -0.01244
 0.21730    -0.01220
 0.22778    -0.01194
 0.23844    -0.01167
 0.24928    -0.01138
 0.26027    -0.01107
 0.27143    -0.01076
 0.28273    -0.01042
 0.29419    -0.01008
 0.30578    -0.00972
 0.31750    -0.00936
 0.32934    -0.00899
 0.34129    -0.00860
 0.35336    -0.00821
 0.36552    -0.00782
 0.37778    -0.00741
 0.39012    -0.00700
 0.40254    -0.00659
 0.41503    -0.00618
 0.42758    -0.00576
 0.44018    -0.00534
 0.45283    -0.00492
 0.46552    -0.00449
 0.47823    -0.00407
 0.49097    -0.00365
 0.50372    -0.00323
 0.51648    -0.00282
 0.52923    -0.00241
 0.54197    -0.00200
 0.55470    -0.00159
 0.56740    -0.00120
 0.58006    -0.00080
 0.59268    -0.00042
 0.60525    -0.00004
 0.61777     0.00032
 0.63021     0.00068
 0.64259     0.00102
 0.65487     0.00135
 0.66707     0.00166
 0.67917     0.00196
 0.69116     0.00225
 0.70303     0.00252
 0.71478     0.00278
 0.72639     0.00302
 0.73787     0.00324
 0.74920     0.00345
 0.76038     0.00364
 0.77139     0.00380
 0.78224     0.00395
 0.79291     0.00408
 0.80339     0.00418
 0.81368     0.00426
 0.82377     0.00432
 0.83365     0.00435
 0.84331     0.00435
 0.85275     0.00433
 0.86195     0.00429
 0.87092     0.00422
 0.87963     0.00412
 0.88809     0.00400
 0.89628     0.00385
 0.90420     0.00369
 0.91184     0.00351
 0.91919     0.00330
 0.92625     0.00308
 0.93301     0.00285
 0.93947     0.00261
 0.94561     0.00235
 0.95144     0.00210
 0.95695     0.00184
 0.96214     0.00159
 0.96701     0.00133
 0.97154     0.00107
 0.97572     0.00080
 0.97954     0.00057
 0.98301     0.00037
 0.98615     0.00023
 0.98897     0.00012
 0.99148     0.00005
 0.99367     0.00001
 0.99554    -0.00001
 0.99710    -0.00001
 0.99834    -0.00001
 0.99925    -0.00001
 0.99981    -0.00000
 1.00000     0.00000
