tip
 1.0  0.0 
 0.999777  -3.2e-05 
 0.99914  -0.000122 
 0.998134  -0.000261 
 0.996779  -0.000441 
 0.995086  -0.000657 
 0.993065  -0.0009 
 0.990723  -0.001163 
 0.988063  -0.001437 
 0.985084  -0.001711 
 0.981779  -0.001981 
 0.978141  -0.002247 
 0.974161  -0.002517 
 0.969842  -0.002805 
 0.965193  -0.003123 
 0.960233  -0.003473 
 0.954972  -0.003849 
 0.949414  -0.004243 
 0.943558  -0.004655 
 0.93741  -0.00509 
 0.930977  -0.005547 
 0.924269  -0.006025 
 0.917288  -0.006519 
 0.910039  -0.007028 
 0.902524  -0.007554 
 0.894752  -0.008098 
 0.88673  -0.00866 
 0.878464  -0.009237 
 0.869961  -0.009827 
 0.861225  -0.01043 
 0.852264  -0.011045 
 0.843084  -0.01167 
 0.833688  -0.012304 
 0.824084  -0.012948 
 0.814278  -0.013602 
 0.804281  -0.014265 
 0.794098  -0.014933 
 0.783734  -0.015605 
 0.773196  -0.016282 
 0.762491  -0.016963 
 0.751626  -0.017647 
 0.740609  -0.018331 
 0.729445  -0.019017 
 0.718144  -0.019705 
 0.706714  -0.02039 
 0.69516  -0.021072 
 0.68349  -0.02175 
 0.67171  -0.022425 
 0.659829  -0.023094 
 0.647853  -0.023757 
 0.63579  -0.024414 
 0.623649  -0.025064 
 0.61144  -0.025706 
 0.599167  -0.026336 
 0.586836  -0.026955 
 0.574456  -0.027564 
 0.562037  -0.028162 
 0.549586  -0.028746 
 0.537111  -0.029317 
 0.524619  -0.029873 
 0.512119  -0.030412 
 0.499617  -0.030934 
 0.48712  -0.031438 
 0.474637  -0.031924 
 0.462176  -0.032393 
 0.449746  -0.03284 
 0.437352  -0.033264 
 0.425001  -0.033668 
 0.412702  -0.034051 
 0.400464  -0.034409 
 0.388291  -0.034744 
 0.376193  -0.035055 
 0.364177  -0.035341 
 0.352251  -0.035601 
 0.340422  -0.035834 
 0.328697  -0.03604 
 0.317084  -0.036216 
 0.305587  -0.036361 
 0.294213  -0.036476 
 0.282969  -0.036564 
 0.271864  -0.036622 
 0.260905  -0.036647 
 0.250095  -0.03664 
 0.239442  -0.036603 
 0.228955  -0.036536 
 0.218642  -0.036435 
 0.208504  -0.036296 
 0.198547  -0.036125 
 0.188781  -0.035921 
 0.179212  -0.03568 
 0.169842  -0.0354 
 0.160675  -0.035084 
 0.151719  -0.034734 
 0.142983  -0.034348 
 0.134469  -0.033921 
 0.126178  -0.033453 
 0.118117  -0.032952 
 0.110296  -0.032414 
 0.102719  -0.031832 
 0.095384  -0.031205 
 0.088291  -0.03054 
 0.081452  -0.029838 
 0.074874  -0.029095 
 0.068554  -0.028305 
 0.06249  -0.027475 
 0.056691  -0.02661 
 0.051167  -0.025707 
 0.045919  -0.024758 
 0.040943  -0.023762 
 0.036239  -0.022726 
 0.031815  -0.021653 
 0.027676  -0.020539 
 0.023821  -0.019382 
 0.020251  -0.018186 
 0.016975  -0.016952 
 0.013998  -0.015671 
 0.011316  -0.014335 
 0.008921  -0.012945 
 0.00681  -0.011507 
 0.004991  -0.010022 
 0.003465  -0.008483 
 0.002225  -0.006885 
 0.001261  -0.005228 
 0.000569  -0.00352 
 0.000149  -0.001763 
 1e-06  4.7e-05 
 0.000111  0.001911 
 0.000466  0.003823 
 0.001057  0.005764 
 0.001888  0.007718 
 0.002969  0.009672 
 0.00431  0.011629 
 0.005916  0.013589 
 0.007787  0.015557 
 0.009919  0.017536 
 0.012304  0.019526 
 0.014934  0.021518 
 0.01781  0.023501 
 0.020941  0.025473 
 0.02433  0.027438 
 0.027968  0.029404 
 0.031844  0.031362 
 0.03596  0.033305 
 0.040317  0.035232 
 0.044911  0.037146 
 0.049732  0.039042 
 0.054778  0.040912 
 0.060053  0.042753 
 0.065552  0.044566 
 0.071268  0.046348 
 0.077199  0.04809 
 0.08335  0.049789 
 0.089719  0.051451 
 0.096295  0.053076 
 0.103072  0.054655 
 0.110053  0.056179 
 0.11724  0.057653 
 0.124625  0.059079 
 0.132203  0.060452 
 0.139972  0.061767 
 0.147933  0.063027 
 0.156075  0.064234 
 0.16439  0.06538 
 0.172882  0.066456 
 0.181554  0.067467 
 0.190398  0.06842 
 0.1994  0.06931 
 0.208561  0.070128 
 0.217884  0.070875 
 0.227364  0.071559 
 0.236986  0.072176 
 0.246748  0.072716 
 0.256657  0.073179 
 0.26671  0.073576 
 0.276892  0.073908 
 0.287194  0.074166 
 0.297622  0.074347 
 0.308174  0.074457 
 0.318838  0.074504 
 0.329602  0.074479 
 0.340471  0.074374 
 0.351447  0.074198 
 0.362519  0.073961 
 0.373673  0.073659 
 0.384908  0.073284 
 0.396226  0.07284 
 0.407619  0.072337 
 0.419073  0.071773 
 0.430584  0.071143 
 0.442153  0.070447 
 0.453776  0.069694 
 0.46544  0.068887 
 0.477138  0.068022 
 0.48887  0.067098 
 0.500629  0.066125 
 0.512404  0.065104 
 0.524185  0.064031 
 0.535974  0.062904 
 0.547768  0.06173 
 0.559556  0.060517 
 0.571328  0.059263 
 0.583079  0.057964 
 0.594808  0.056626 
 0.606507  0.055255 
 0.618165  0.053849 
 0.629779  0.052409 
 0.641346  0.050938 
 0.65286  0.049444 
 0.664309  0.047927 
 0.67569  0.046388 
 0.686999  0.044831 
 0.698228  0.043263 
 0.70937  0.041685 
 0.720416  0.040101 
 0.731364  0.038512 
 0.742206  0.036929 
 0.752932  0.035352 
 0.763533  0.033784 
 0.774005  0.032229 
 0.784339  0.030693 
 0.794523  0.029181 
 0.804547  0.02769 
 0.814407  0.02622 
 0.824099  0.024778 
 0.833612  0.02337 
 0.842934  0.021997 
 0.852058  0.020657 
 0.860977  0.019353 
 0.869684  0.018086 
 0.878172  0.016859 
 0.886433  0.015673 
 0.894461  0.01453 
 0.902247  0.013436 
 0.909779  0.012389 
 0.917048  0.011387 
 0.92405  0.010425 
 0.930784  0.009506 
 0.937244  0.008633 
 0.943421  0.007809 
 0.949306  0.007033 
 0.954893  0.006302 
 0.960181  0.005616 
 0.965165  0.00498 
 0.969833  0.004399 
 0.97417  0.003871 
 0.978162  0.003384 
 0.98181  0.002922 
 0.985119  0.002476 
 0.9881  0.002044 
 0.990758  0.001632 
 0.993096  0.001249 
 0.995111  0.000902 
 0.996797  0.000601 
 0.998146  0.000353 
 0.999146  0.000164 
 0.999778  4.3e-05 
 1.0  0.0 
