tip2
 1.0  0.0 
 0.999785  -2.6e-05 
 0.999166  -9.9e-05 
 0.99818  -0.000214 
 0.996842  -0.000366 
 0.995164  -0.000548 
 0.993154  -0.000755 
 0.990819  -0.00098 
 0.988163  -0.001217 
 0.985185  -0.001457 
 0.981883  -0.001696 
 0.97825  -0.001933 
 0.974282  -0.002175 
 0.96998  -0.002433 
 0.965356  -0.002715 
 0.960423  -0.003022 
 0.955192  -0.003348 
 0.949667  -0.003686 
 0.943846  -0.004032 
 0.937732  -0.004388 
 0.931329  -0.004759 
 0.924645  -0.005142 
 0.917686  -0.005538 
 0.910459  -0.005943 
 0.902965  -0.006354 
 0.895207  -0.006771 
 0.887188  -0.007198 
 0.878919  -0.007637 
 0.870408  -0.008085 
 0.861658  -0.008536 
 0.852671  -0.008991 
 0.843454  -0.009454 
 0.834015  -0.009924 
 0.82436  -0.010397 
 0.814489  -0.010872 
 0.80441  -0.011357 
 0.794135  -0.01185 
 0.78367  -0.012347 
 0.773018  -0.012845 
 0.762182  -0.01335 
 0.751173  -0.013865 
 0.740003  -0.014387 
 0.728676  -0.014913 
 0.717196  -0.015444 
 0.705571  -0.015984 
 0.693814  -0.016533 
 0.681932  -0.017087 
 0.669929  -0.017647 
 0.657813  -0.018215 
 0.645595  -0.018793 
 0.633285  -0.019379 
 0.62089  -0.019972 
 0.608419  -0.020572 
 0.59588  -0.021178 
 0.583282  -0.021793 
 0.570635  -0.022415 
 0.557949  -0.023044 
 0.545232  -0.023678 
 0.532493  -0.024317 
 0.519743  -0.024962 
 0.506992  -0.025609 
 0.494248  -0.026256 
 0.481518  -0.026903 
 0.468814  -0.027551 
 0.456145  -0.028197 
 0.443522  -0.028837 
 0.430949  -0.029469 
 0.418437  -0.030096 
 0.405997  -0.030713 
 0.393639  -0.031315 
 0.381365  -0.0319 
 0.369184  -0.032469 
 0.357106  -0.033022 
 0.345143  -0.033551 
 0.333297  -0.034054 
 0.321574  -0.03453 
 0.309983  -0.03498 
 0.298534  -0.035399 
 0.287233  -0.035781 
 0.276081  -0.036126 
 0.265085  -0.036436 
 0.254256  -0.036709 
 0.243601  -0.036938 
 0.233121  -0.037119 
 0.222818  -0.037255 
 0.212701  -0.037348 
 0.202781  -0.037393 
 0.193059  -0.037381 
 0.183532  -0.037313 
 0.174204  -0.037196 
 0.165087  -0.03703 
 0.156189  -0.036806 
 0.147505  -0.036519 
 0.139032  -0.036176 
 0.130781  -0.035786 
 0.122765  -0.035341 
 0.114983  -0.03483 
 0.107422  -0.034256 
 0.100089  -0.033636 
 0.093005  -0.032969 
 0.086173  -0.032236 
 0.079574  -0.031433 
 0.073205  -0.030584 
 0.067088  -0.0297 
 0.061239  -0.02876 
 0.055642  -0.027753 
 0.050281  -0.026694 
 0.045172  -0.025608 
 0.040344  -0.024483 
 0.035788  -0.023293 
 0.031475  -0.022046 
 0.02741  -0.020776 
 0.023628  -0.019488 
 0.02014  -0.018152 
 0.016918  -0.016753 
 0.013943  -0.015323 
 0.011242  -0.01389 
 0.008852  -0.012437 
 0.006765  -0.010927 
 0.004948  -0.009357 
 0.003385  -0.007757 
 0.002097  -0.006153 
 0.001114  -0.00454 
 0.000442  -0.002897 
 7.7e-05  -0.00121 
 1.2e-05  0.000523 
 0.000249  0.002314 
 0.000776  0.00418 
 0.001557  0.006128 
 0.002561  0.008135 
 0.003786  0.010159 
 0.005259  0.012185 
 0.006994  0.014226 
 0.008976  0.016294 
 0.011188  0.018371 
 0.01364  0.020437 
 0.01635  0.022499 
 0.019307  0.024569 
 0.022492  0.026636 
 0.025912  0.028677 
 0.029588  0.030696 
 0.033514  0.032715 
 0.03766  0.034729 
 0.042023  0.036706 
 0.046629  0.038636 
 0.05149  0.040543 
 0.056581  0.04244 
 0.061882  0.044306 
 0.067407  0.046118 
 0.073174  0.04789 
 0.079168  0.04964 
 0.085367  0.051354 
 0.091778  0.05301 
 0.09842  0.054617 
 0.105281  0.056195 
 0.112335  0.057735 
 0.119585  0.059211 
 0.127053  0.06063 
 0.13473  0.062013 
 0.142587  0.063357 
 0.15062  0.064637 
 0.158852  0.065849 
 0.167279  0.067019 
 0.175872  0.068148 
 0.18462  0.069211 
 0.193544  0.070195 
 0.202652  0.071125 
 0.211916  0.072015 
 0.221315  0.072841 
 0.230863  0.073587 
 0.240574  0.074268 
 0.250428  0.074903 
 0.260399  0.075476 
 0.270495  0.075967 
 0.280731  0.076384 
 0.291096  0.076749 
 0.301562  0.077056 
 0.312128  0.077283 
 0.322809  0.077431 
 0.3336  0.077521 
 0.344475  0.077553 
 0.355427  0.077507 
 0.366471  0.07738 
 0.377606  0.077192 
 0.388807  0.076949 
 0.40006  0.076633 
 0.411378  0.076233 
 0.422767  0.075765 
 0.434208  0.075245 
 0.445682  0.07466 
 0.457193  0.073998 
 0.46875  0.073267 
 0.480341  0.072482 
 0.491947  0.071642 
 0.503563  0.070731 
 0.515199  0.069753 
 0.526849  0.068722 
 0.538495  0.067641 
 0.55013  0.0665 
 0.561759  0.065296 
 0.573382  0.064042 
 0.584985  0.062748 
 0.596553  0.061408 
 0.608089  0.060016 
 0.619593  0.05858 
 0.631057  0.057111 
 0.642467  0.055608 
 0.65382  0.054068 
 0.665115  0.052496 
 0.676346  0.050901 
 0.687499  0.049285 
 0.698569  0.047647 
 0.709556  0.045988 
 0.720454  0.044319 
 0.731249  0.042646 
 0.741932  0.040965 
 0.752503  0.039277 
 0.762957  0.037591 
 0.773281  0.035914 
 0.783463  0.034243 
 0.793501  0.032575 
 0.803396  0.030915 
 0.813141  0.029275 
 0.822721  0.027659 
 0.832128  0.026063 
 0.841361  0.024488 
 0.850416  0.022945 
 0.859281  0.021437 
 0.867946  0.019966 
 0.876407  0.018531 
 0.884661  0.01714 
 0.892694  0.0158 
 0.900496  0.01451 
 0.908061  0.013268 
 0.915383  0.012078 
 0.922457  0.010944 
 0.929271  0.00987 
 0.935817  0.008856 
 0.942088  0.007902 
 0.948073  0.00701 
 0.953766  0.006177 
 0.959162  0.005403 
 0.964258  0.004691 
 0.969043  0.004047 
 0.973501  0.003473 
 0.977618  0.002958 
 0.981388  0.00249 
 0.984811  0.002061 
 0.987892  0.001665 
 0.990634  0.001304 
 0.993035  0.000979 
 0.995094  0.000696 
 0.996806  0.000457 
 0.998165  0.000264 
 0.999162  0.000121 
 0.999785  3.1e-05 
 1.0  0.0 
