tipsmo
 1.0  0.0 
 0.999811  4e-06 
 0.999249  1.4e-05 
 0.998323  3.2e-05 
 0.997037  5.5e-05 
 0.995394  8.4e-05 
 0.993397  0.000117 
 0.991048  0.000156 
 0.98835  0.000198 
 0.985303  0.000242 
 0.981913  0.000287 
 0.978179  0.000333 
 0.974105  0.000378 
 0.969693  0.00042 
 0.964947  0.000457 
 0.95987  0.000489 
 0.954464  0.000515 
 0.948733  0.00053 
 0.94268  0.000534 
 0.93631  0.000524 
 0.929623  0.000496 
 0.92263  0.000442 
 0.915342  0.000363 
 0.907764  0.000263 
 0.899898  0.000142 
 0.891746  -9e-06 
 0.883322  -0.000195 
 0.874638  -0.000413 
 0.8657  -0.000658 
 0.85651  -0.000933 
 0.847077  -0.001244 
 0.837415  -0.001591 
 0.827532  -0.001967 
 0.817431  -0.002375 
 0.807122  -0.002817 
 0.796617  -0.003294 
 0.785926  -0.003802 
 0.775054  -0.004337 
 0.76401  -0.004902 
 0.752803  -0.005497 
 0.741445  -0.00612 
 0.729945  -0.006767 
 0.71831  -0.007435 
 0.706545  -0.008125 
 0.694662  -0.008837 
 0.682672  -0.009567 
 0.670582  -0.010311 
 0.658397  -0.011067 
 0.646125  -0.011837 
 0.63378  -0.012622 
 0.621371  -0.013413 
 0.608904  -0.014206 
 0.59638  -0.015003 
 0.583812  -0.015807 
 0.571214  -0.016612 
 0.558592  -0.017413 
 0.545946  -0.018208 
 0.533288  -0.019002 
 0.52063  -0.019791 
 0.507981  -0.020569 
 0.495342  -0.021334 
 0.482722  -0.022088 
 0.470132  -0.022831 
 0.457581  -0.023556 
 0.445071  -0.02426 
 0.432608  -0.024949 
 0.420208  -0.02562 
 0.407877  -0.026267 
 0.395619  -0.026885 
 0.383438  -0.027479 
 0.371345  -0.028047 
 0.359348  -0.028587 
 0.347451  -0.029094 
 0.33566  -0.029572 
 0.323984  -0.030019 
 0.31243  -0.030432 
 0.301004  -0.030812 
 0.289715  -0.031156 
 0.278567  -0.031461 
 0.267564  -0.031727 
 0.256711  -0.031957 
 0.246021  -0.032151 
 0.235501  -0.032302 
 0.22515  -0.032406 
 0.214971  -0.032471 
 0.204979  -0.0325 
 0.195187  -0.032479 
 0.185584  -0.032401 
 0.176167  -0.032277 
 0.166953  -0.032122 
 0.157965  -0.031919 
 0.149192  -0.03165 
 0.140619  -0.031325 
 0.13226  -0.030968 
 0.124143  -0.030569 
 0.116265  -0.030101 
 0.108601  -0.029569 
 0.101157  -0.029005 
 0.09397  -0.028408 
 0.087046  -0.027741 
 0.08035  -0.027 
 0.073871  -0.026222 
 0.067652  -0.025425 
 0.061714  -0.024575 
 0.056028  -0.023648 
 0.050568  -0.022677 
 0.045364  -0.021695 
 0.040455  -0.020677 
 0.035822  -0.019588 
 0.031425  -0.018446 
 0.027281  -0.017295 
 0.023436  -0.01613 
 0.019889  -0.014905 
 0.016594  -0.013621 
 0.013543  -0.012333 
 0.010793  -0.011065 
 0.008385  -0.009769 
 0.006284  -0.0084 
 0.00444  -0.006978 
 0.002857  -0.005562 
 0.001592  -0.004174 
 0.000692  -0.002782 
 0.000164  -0.00134 
 -3e-06  0.000183 
 0.000177  0.001814 
 0.000678  0.003585 
 0.001444  0.005514 
 0.002411  0.007573 
 0.003556  0.009694 
 0.004916  0.011831 
 0.006527  0.013997 
 0.008375  0.016222 
 0.010423  0.018486 
 0.012677  0.020748 
 0.015176  0.023003 
 0.01792  0.025288 
 0.020866  0.027603 
 0.023996  0.0299 
 0.027356  0.03215 
 0.030974  0.03439 
 0.034813  0.036653 
 0.038825  0.038904 
 0.043035  0.041086 
 0.047495  0.043208 
 0.052203  0.045323 
 0.057102  0.047432 
 0.062181  0.049478 
 0.067489  0.051441 
 0.073046  0.053364 
 0.078813  0.055272 
 0.084755  0.057126 
 0.090905  0.05889 
 0.097296  0.060591 
 0.103906  0.062265 
 0.110689  0.063893 
 0.117658  0.065432 
 0.124851  0.066888 
 0.132263  0.068302 
 0.13985  0.069675 
 0.147604  0.070965 
 0.155558  0.07216 
 0.163726  0.073297 
 0.172069  0.074392 
 0.180562  0.075414 
 0.189229  0.076337 
 0.198095  0.077182 
 0.207139  0.07798 
 0.216326  0.078717 
 0.225661  0.079363 
 0.235169  0.079923 
 0.244846  0.080427 
 0.254656  0.080876 
 0.264592  0.081242 
 0.274675  0.081518 
 0.284912  0.081729 
 0.295277  0.08189 
 0.305747  0.081981 
 0.316334  0.081987 
 0.327053  0.081923 
 0.337884  0.08181 
 0.348802  0.081638 
 0.359808  0.081388 
 0.37092  0.081067 
 0.382125  0.080699 
 0.393392  0.080283 
 0.404715  0.079793 
 0.416113  0.079227 
 0.427589  0.078609 
 0.439113  0.077953 
 0.450665  0.07724 
 0.462255  0.076454 
 0.473893  0.075613 
 0.48556  0.074735 
 0.49723  0.073808 
 0.508906  0.072814 
 0.520604  0.071761 
 0.53231  0.070671 
 0.543998  0.069542 
 0.555663  0.068352 
 0.567323  0.067102 
 0.578973  0.065817 
 0.590588  0.064502 
 0.602156  0.06314 
 0.613689  0.061727 
 0.625188  0.060283 
 0.636631  0.058818 
 0.648001  0.057319 
 0.659308  0.055778 
 0.670556  0.054211 
 0.681727  0.052633 
 0.692801  0.051036 
 0.703784  0.049408 
 0.714681  0.047765 
 0.725477  0.046121 
 0.736148  0.044473 
 0.746696  0.042807 
 0.757127  0.04113 
 0.767432  0.039461 
 0.777586  0.037798 
 0.787585  0.036126 
 0.79744  0.034443 
 0.807151  0.032767 
 0.8167  0.03111 
 0.826073  0.029462 
 0.835274  0.027819 
 0.844306  0.026191 
 0.853157  0.02459 
 0.861816  0.023016 
 0.870277  0.021466 
 0.87854  0.019947 
 0.886598  0.018467 
 0.894439  0.017028 
 0.902057  0.01563 
 0.909447  0.014275 
 0.916607  0.012969 
 0.923526  0.011718 
 0.930197  0.010525 
 0.93661  0.009392 
 0.942756  0.008321 
 0.94863  0.00731 
 0.954226  0.006362 
 0.959536  0.00548 
 0.964552  0.004665 
 0.969267  0.003914 
 0.973679  0.003229 
 0.977782  0.002614 
 0.981568  0.002074 
 0.985023  0.001611 
 0.988137  0.001221 
 0.990898  0.000899 
 0.993299  0.000638 
 0.995336  0.00043 
 0.997008  0.000268 
 0.998311  0.000148 
 0.999246  6.5e-05 
 0.999811  1.6e-05 
 1.0  0.0 
