wire_root2
 1.0  0.0 
 0.999798  3e-05 
 0.999206  0.000119 
 0.998244  0.000265 
 0.996917  0.000465 
 0.995231  0.000722 
 0.993186  0.001036 
 0.990782  0.001407 
 0.98802  0.001839 
 0.984895  0.002332 
 0.981402  0.002887 
 0.977529  0.003499 
 0.97327  0.004157 
 0.968623  0.004843 
 0.963598  0.005542 
 0.958207  0.006246 
 0.952459  0.006956 
 0.946359  0.007668 
 0.939913  0.008379 
 0.933127  0.009085 
 0.926009  0.009783 
 0.918565  0.010473 
 0.910797  0.011152 
 0.902708  0.011814 
 0.89431  0.012449 
 0.885616  0.013054 
 0.876638  0.013636 
 0.867378  0.014196 
 0.857835  0.014729 
 0.848021  0.015224 
 0.83795  0.015679 
 0.827633  0.016097 
 0.817076  0.016476 
 0.806289  0.016813 
 0.795286  0.017107 
 0.784077  0.017361 
 0.772667  0.017576 
 0.761069  0.017749 
 0.749295  0.017882 
 0.737353  0.01798 
 0.725249  0.018044 
 0.71299  0.018073 
 0.700588  0.018067 
 0.68805  0.01803 
 0.67538  0.017961 
 0.662587  0.017854 
 0.649684  0.017712 
 0.636678  0.017538 
 0.623575  0.017327 
 0.610385  0.017075 
 0.597126  0.016783 
 0.583805  0.016458 
 0.570428  0.016098 
 0.557003  0.015698 
 0.543547  0.015259 
 0.53007  0.014787 
 0.516575  0.014281 
 0.503074  0.013733 
 0.489588  0.013145 
 0.476126  0.012528 
 0.462692  0.011884 
 0.449296  0.011209 
 0.435953  0.010503 
 0.422674  0.009778 
 0.40946  0.009035 
 0.396318  0.008266 
 0.383269  0.007474 
 0.370322  0.00667 
 0.357477  0.005857 
 0.344741  0.005028 
 0.332132  0.004184 
 0.31966  0.003337 
 0.307323  0.002491 
 0.295126  0.001636 
 0.283091  0.000773 
 0.271227  -8.6e-05 
 0.25953  -0.000934 
 0.248005  -0.001783 
 0.236672  -0.002633 
 0.225544  -0.003469 
 0.214612  -0.004285 
 0.203881  -0.005092 
 0.193371  -0.005894 
 0.183096  -0.006674 
 0.173047  -0.007424 
 0.163226  -0.008155 
 0.153652  -0.008871 
 0.144341  -0.009555 
 0.135281  -0.010196 
 0.12647  -0.010807 
 0.117931  -0.011395 
 0.109678  -0.011939 
 0.101698  -0.012426 
 0.09398  -0.01287 
 0.086548  -0.013288 
 0.079427  -0.013659 
 0.072606  -0.013959 
 0.066064  -0.014196 
 0.059816  -0.014394 
 0.053892  -0.01454 
 0.048285  -0.014601 
 0.042968  -0.014582 
 0.037949  -0.014511 
 0.03326  -0.014383 
 0.028903  -0.014161 
 0.024844  -0.013837 
 0.021074  -0.013445 
 0.017625  -0.012999 
 0.014523  -0.012467 
 0.011745  -0.011818 
 0.00926  -0.011063 
 0.007077  -0.010228 
 0.005227  -0.009304 
 0.003708  -0.008252 
 0.002483  -0.007046 
 0.001511  -0.005698 
 0.000771  -0.004242 
 0.000273  -0.002703 
 2.6e-05  -0.001088 
 2.9e-05  0.000605 
 0.000271  0.002366 
 0.000758  0.004173 
 0.001511  0.006021 
 0.002544  0.007925 
 0.003847  0.009909 
 0.00539  0.011973 
 0.00716  0.014094 
 0.009164  0.016258 
 0.011404  0.018464 
 0.013874  0.020712 
 0.016568  0.022988 
 0.019492  0.025286 
 0.022649  0.027609 
 0.026024  0.029956 
 0.029612  0.032309 
 0.033424  0.034654 
 0.037475  0.037 
 0.041752  0.039361 
 0.046234  0.041727 
 0.050921  0.044074 
 0.055831  0.046395 
 0.060972  0.048707 
 0.066322  0.051015 
 0.071868  0.053302 
 0.077623  0.055552 
 0.0836  0.057775 
 0.089785  0.059987 
 0.096152  0.062177 
 0.102704  0.064317 
 0.109464  0.066405 
 0.116434  0.068461 
 0.123592  0.070494 
 0.130923  0.072483 
 0.138438  0.074416 
 0.146149  0.076304 
 0.154037  0.078162 
 0.162082  0.079976 
 0.170289  0.081725 
 0.178674  0.083416 
 0.187228  0.085068 
 0.195924  0.086678 
 0.204754  0.08822 
 0.213739  0.089687 
 0.222882  0.0911 
 0.232159  0.092469 
 0.241551  0.093773 
 0.251072  0.094995 
 0.260734  0.096153 
 0.270517  0.097264 
 0.280394  0.098315 
 0.290368  0.099281 
 0.300457  0.100167 
 0.310655  0.100994 
 0.320932  0.101761 
 0.331283  0.102444 
 0.341724  0.103038 
 0.352257  0.103565 
 0.362858  0.104034 
 0.373508  0.104427 
 0.384215  0.10473 
 0.394989  0.104953 
 0.405816  0.105112 
 0.416674  0.1052 
 0.427558  0.105201 
 0.43848  0.105113 
 0.449437  0.104949 
 0.460412  0.104714 
 0.471394  0.1044 
 0.482384  0.104002 
 0.493379  0.103525 
 0.504366  0.10297 
 0.515337  0.10233 
 0.526295  0.1016 
 0.53724  0.100784 
 0.548164  0.09989 
 0.559055  0.098918 
 0.569901  0.09786 
 0.580705  0.096707 
 0.591472  0.095461 
 0.602198  0.094128 
 0.612873  0.092713 
 0.623492  0.091209 
 0.634057  0.08961 
 0.644575  0.087925 
 0.655037  0.086165 
 0.665428  0.084328 
 0.675748  0.082402 
 0.68601  0.080386 
 0.696217  0.078298 
 0.706359  0.076148 
 0.716425  0.073931 
 0.726423  0.071645 
 0.736361  0.069302 
 0.746233  0.066919 
 0.756025  0.0645 
 0.765738  0.062044 
 0.775381  0.059562 
 0.78495  0.057075 
 0.794427  0.054598 
 0.803799  0.052135 
 0.813063  0.049687 
 0.822214  0.047269 
 0.831237  0.044894 
 0.840117  0.042565 
 0.848843  0.040284 
 0.857406  0.038056 
 0.865794  0.035887 
 0.873994  0.033779 
 0.881997  0.031731 
 0.889792  0.029744 
 0.897373  0.02782 
 0.904729  0.02596 
 0.911854  0.024165 
 0.918734  0.022437 
 0.925362  0.020772 
 0.931731  0.019163 
 0.937842  0.017611 
 0.943692  0.016121 
 0.949268  0.014694 
 0.954565  0.013326 
 0.95958  0.012011 
 0.964317  0.01075 
 0.968774  0.009549 
 0.972943  0.008413 
 0.976817  0.00734 
 0.980392  0.006326 
 0.983668  0.005367 
 0.986649  0.004464 
 0.989339  0.00362 
 0.99174  0.002844 
 0.993849  0.002143 
 0.995662  0.001527 
 0.997174  0.001003 
 0.998376  0.00058 
 0.99926  0.000266 
 0.99981  6.8e-05 
 1.0  0.0 
